00 00 00 00 00 00 00 00 00 00 00 00 00 00 00 00 00 00 00 00 00 00 00 00 00 
00 00 00 00 00 00 00 00 00 00 00 00 00 00 00 00 00 00 00 00 00 00 00 00 00 
00 00 00 00 00 00 602 601 603 00 00 00 00 00 00 00 00 00 00 00 00 00 00 00 00 
00 00 00 00 00 600 00 00 00 00 00 00 00 00 00 00 00 00 00 00 00 00 00 00 00 
00 00 00 00 600 00 00 00 00 00 00 00 00 00 602 601 603 00 00 00 00 00 00 00 00 
601 601 603 00 00 00 00 00 00 00 00 00 00 600 00 00 00 600 00 00 00 00 00 00 00 
00 00 00 600 00 00 00 00 00 00 00 00 60 00 00 00 00 00 600 00 00 00 00 00 00 
00 00 00 00 600 00 00 00 00 00 00 00 60 00 00 00 00 00 00 600 00 00 00 00 00 
00 00 00 00 00 600 00 00 00 00 00 00 60 00 00 00 00 00 00 00 600 00 00 1009 1010 
00 00 00 00 00 00 600 00 00 00 00 00 60 00 00 00 00 00 00 00 00 600 00 1011 1012 
60 60 60 60 60 60 60 60 60 60 60 60 60 60 60 60 60 60 60 60 60 60 60 60 60 
60 60 60 60 60 60 60 60 60 60 60 60 60 60 60 60 60 60 60 60 60 60 60 60 60 